2.504817
2.225126
2.197095
2.128928
2.086372
2.047640
1.987425
1.972593
1.922915
1.834020
1.829273
1.814764
1.800833
1.796465
1.790115
1.762704
1.738867
1.701548
1.638107
1.618643
1.609555
1.592908
1.585355
1.581299
1.565614
1.565007
1.564960
1.562372
1.561655
1.556165
1.540894
1.536006
1.532064
1.512152
1.509003
1.501275
1.487685
1.456081
1.452477
1.450178
1.449127
1.437244
1.436773
1.433842
1.428634
1.383180
1.381273
1.381026
1.374703
1.353309
1.346252
1.344921
1.326936
1.326042
1.299694
1.287702
1.281448
1.273693
1.266567
1.250707
1.245259
1.244793
1.243285
1.212550
1.169029
1.156239
1.155816
1.147166
1.129754
1.060351
0.000000
