1.313267
1.359257
1.353657
1.361215
1.335841
1.281310
1.216707
1.356978
1.238754
1.243285
1.353873
1.420903
1.437244
1.170816
1.264138
1.227323
1.312429
1.266301
1.269749
1.319509
1.242723
1.262288
1.246742
1.161204
1.435129
1.328965
1.344171
1.501828
1.411981
1.481438
1.415426
1.307308
1.272321
1.381026
1.576086
1.565851
1.618643
1.537861
1.266567
1.238366
1.275810
1.281257
1.273044
1.241543
1.218260
1.281448
1.191608
1.374703
1.242537
1.124084
1.102008
1.126023
1.185575
1.229096
1.190672
1.065502
1.059126
1.062097
1.085060
1.140572
1.282645
1.326936
1.072476
1.192351
1.261330
1.101160
1.226456
1.042738
1.224148
1.227560
1.233228
1.253721
1.265784
1.295147
1.218220
1.203561
1.221704
1.165028
1.132451
1.062272
1.022257
1.171322
1.287702
1.175062
1.045911
1.060351
0.992254
1.499811
1.565007
1.561806
1.552359
1.521519
1.493490
1.535169
1.477483
1.382086
1.452308
1.314881
1.433996
1.326533
1.350873
1.322178
1.295834
1.355989
1.360904
1.466617
1.429105
1.363633
1.495347
1.509003
1.444251
1.419891
1.445014
1.389732
1.371503
1.421542
1.373551
1.352831
1.128939
1.072033
1.159587
1.140599
1.323690
1.304662
1.262830
1.309600
1.288761
1.314810
1.149802
1.145823
1.169029
1.357996
1.331255
1.533458
1.486880
1.509023
1.453102
1.464811
1.395987
1.360263
1.411516
1.378719
1.333518
1.343086
1.270828
1.370857
1.406562
1.448718
1.477501
1.497151
1.539617
1.562372
1.383053
1.321115
1.273650
1.428634
1.220806
1.285281
1.290613
1.246623
1.254788
1.329718
1.405381
1.365755
1.415463
1.524052
1.518386
1.367533
1.513060
1.551570
1.464831
1.501120
1.523834
1.556165
1.347114
1.446908
1.504946
1.222488
1.456128
1.473341
1.236538
1.382808
1.838832
1.896811
1.935267
1.825481
1.813847
1.862432
1.907726
1.755414
1.846666
1.938199
1.873614
1.753774
1.901522
1.953453
1.957396
1.878340
1.888033
1.972593
1.933864
1.766504
1.730256
1.815876
1.798683
1.193216
1.135787
1.092402
1.075394
1.206126
1.180301
1.135894
1.147166
1.112964
1.101382
1.094145
1.087085
1.193256
1.166875
1.279510
1.247277
1.288980
1.240522
1.151283
1.140695
1.255101
1.300491
1.276021
1.160965
1.176477
1.286702
1.246708
1.353309
1.315789
1.197169
1.114722
1.182250
1.187727
1.221071
1.394455
1.364685
1.151273
1.284725
1.277048
1.275196
1.250312
1.321133
1.388939
1.421164
1.370945
1.375158
1.151761
1.191199
1.198744
1.207591
1.121053
1.164916
1.174509
1.199340
1.213481
1.277614
1.236274
1.267331
1.179854
1.260074
1.262851
1.163013
1.174725
1.209338
1.223831
1.251664
1.280715
1.268531
1.209433
1.180746
1.184510
1.167340
1.227558
1.233762
1.318537
1.532064
1.429666
1.301843
1.468339
1.329570
1.437489
1.448018
0.991296
1.049231
1.069494
1.191336
1.238945
1.036716
1.022126
1.064724
1.067360
1.173910
1.184363
1.215741
1.072719
1.015297
1.050903
1.062559
1.033396
1.000613
1.022777
1.088037
1.123220
1.768065
1.621612
1.814764
1.511480
1.712684
1.757791
1.534797
1.530373
1.805365
1.795864
1.593443
1.392282
1.504726
1.279168
1.626265
1.652691
1.686755
1.631552
1.527540
1.649981
1.761545
1.709841
1.651722
1.593598
1.384346
1.367867
1.257389
1.472254
1.516280
1.473179
1.482321
1.470649
1.447307
1.404218
1.488666
1.532488
1.546654
1.542661
1.148113
1.126701
1.220672
1.299658
1.300589
1.248394
1.433842
1.414542
1.677043
1.597516
1.565672
1.743711
1.557643
1.654684
1.559818
1.655637
1.608393
1.591687
1.563772
1.762704
1.609555
1.592001
1.598537
1.577590
1.475879
1.679688
1.748558
1.637469
1.746571
1.540782
1.638107
1.727888
1.674879
1.645076
1.642699
1.597816
1.635872
1.592908
1.580474
1.558191
1.501275
1.457564
1.567806
1.557719
1.589322
1.515443
1.443232
1.513923
1.469683
1.554476
1.477839
1.533168
1.475294
1.466499
1.573288
1.591198
1.535342
1.282108
1.275793
1.259582
1.308510
1.322723
1.218871
1.243166
1.234945
1.361630
1.442061
1.413835
1.522256
1.498416
1.443790
1.440021
1.397494
1.506320
1.489142
1.484084
1.222240
1.325571
1.256735
1.442568
1.417429
1.407934
1.430788
1.328196
1.339787
1.311560
1.290124
1.357354
1.363870
1.406287
1.364081
1.331171
1.332152
1.314873
1.326651
1.329776
1.407942
1.300332
1.626971
1.534513
1.663661
1.701548
1.590828
1.422892
1.420714
1.440413
1.510790
1.528601
1.536006
1.823920
1.812280
1.649169
1.784342
1.735273
1.568972
1.637678
1.473894
1.351850
1.401783
1.725922
1.951022
2.086372
2.010858
2.014449
1.888744
1.899996
1.723847
1.639198
1.591423
1.628778
0.794634
0.986418
1.000872
1.020113
0.985798
1.154420
0.931648
0.876813
0.909370
1.142832
0.945125
1.158369
1.000743
0.945408
0.981439
0.971150
0.940531
1.076332
1.030696
0.988840
0.922636
0.965235
0.865493
0.883504
0.811504
1.256372
1.323845
1.532977
1.700123
1.783369
1.585742
1.747469
1.796465
1.737727
1.444607
1.532480
1.620600
1.399416
1.425527
1.375605
1.365241
1.456081
1.381571
1.447638
1.443056
1.441626
1.431190
1.517671
1.484246
1.441947
1.534609
1.283256
1.332828
1.302796
1.305322
1.383180
1.283054
1.342587
1.424249
1.506060
1.722199
1.661259
1.765443
1.618886
1.518021
1.515217
1.635380
1.685208
1.667646
1.684431
1.615942
1.781723
1.829273
1.757117
1.244793
1.368525
1.439820
1.404564
1.439553
1.381398
1.449662
1.487685
1.453657
1.279861
1.291751
1.318429
1.367699
1.329482
1.066043
1.439924
1.478856
1.470411
1.625706
1.683016
1.532694
1.596020
1.669475
1.626353
1.534271
1.582643
1.543374
1.257367
1.193598
1.171321
1.186462
1.138538
1.213127
1.214818
1.279420
1.247699
1.136211
1.241975
1.295639
1.213001
1.077586
1.183088
1.203306
1.231219
1.155104
1.103508
1.266399
1.240760
1.263143
1.206997
1.110121
1.276908
1.329618
1.271417
1.292444
1.328200
1.285852
1.273638
1.305281
1.273456
1.207387
1.273693
1.326566
1.253794
1.173728
1.193281
1.185336
1.210488
1.306272
1.252616
1.133199
1.155816
1.132108
1.086170
1.156457
1.113747
1.405412
1.299694
1.298272
1.293278
1.317879
1.308589
1.283492
1.279714
1.244105
1.387874
1.263383
1.259508
1.292472
1.371003
1.298542
1.290167
1.343598
1.287096
1.286811
1.359891
1.391063
1.283801
1.422600
1.397622
1.452477
1.528355
1.476026
1.393193
1.412678
1.384409
1.374977
1.329570
1.418692
1.366009
1.362891
1.348096
1.395426
1.418526
1.404182
1.415434
1.410138
1.376153
1.400769
1.408701
1.419869
1.342217
1.405982
1.421478
1.357558
1.436773
1.358470
1.357722
1.409542
1.414156
1.664996
1.634137
1.635096
1.586169
1.757963
1.615996
1.619531
1.639062
1.826056
1.575185
1.581139
1.582797
1.577320
1.607949
1.606914
1.627266
1.534701
1.558106
1.751584
1.790115
1.251600
1.722601
1.834020
1.629290
1.739865
1.557594
1.719323
1.710217
1.564926
1.682477
1.554755
1.563289
1.730037
1.761757
1.693359
1.767643
1.800833
1.621519
1.508477
1.466879
1.513211
1.536266
1.480125
1.555321
1.563308
1.464531
1.413358
1.465296
1.313199
1.390051
1.349805
1.413880
1.421369
1.627201
1.539073
1.507396
1.489839
1.479105
1.617608
1.684679
1.626530
1.668586
1.677045
1.560723
1.570371
1.684450
1.583978
1.563448
1.548734
1.539443
1.524014
1.557982
1.588888
1.568617
1.588834
1.515544
1.570488
1.408264
1.419952
1.167957
1.182613
1.191078
1.178550
1.164696
1.149635
1.228857
1.204884
1.182560
1.365998
1.298738
1.163201
1.325710
1.501651
1.438989
1.156081
1.158232
1.163251
1.402121
1.406702
1.299982
1.281759
1.361036
1.335132
1.326042
1.171496
1.128973
1.101261
1.104313
1.016126
1.016734
1.066867
1.104666
1.085766
1.103440
1.093658
1.344921
1.449175
1.216056
1.223513
1.245259
1.195573
1.206098
1.202917
1.262527
1.269145
1.465918
1.458678
1.453028
1.464177
1.501275
1.418711
1.307203
1.401446
1.379889
1.442677
1.863902
2.006714
1.882253
1.852737
1.777776
1.790984
1.862113
1.838487
1.799921
1.770683
1.619313
1.715822
1.774811
1.812604
1.868677
1.892916
1.884028
1.910015
1.924273
1.908198
1.998351
1.963794
1.996858
1.932303
2.000019
2.047640
1.984989
1.987957
2.030906
1.806102
1.888268
1.865264
1.845734
1.777147
1.990712
2.000640
1.845930
1.829013
1.742812
1.777538
1.885890
1.661084
1.709740
1.823852
1.618928
1.723072
2.038518
1.954003
2.028989
2.035579
1.820698
1.789909
1.802759
1.811880
1.830448
1.920137
1.838211
1.854911
1.939691
1.925257
2.022203
1.913653
2.128928
1.985412
2.071422
1.953890
1.925591
1.952202
1.833033
1.939119
1.888402
1.909436
1.746351
1.810557
1.620836
1.609225
1.629539
1.634927
1.603685
1.883215
1.861378
1.821748
1.741390
1.690219
1.772279
1.716413
1.757870
1.777280
1.834756
1.722180
1.653770
1.541588
1.437711
1.450178
1.760199
1.736738
1.438284
1.671277
1.780369
1.631757
1.666826
1.473907
1.414254
1.423396
1.204886
1.226626
1.261398
1.196975
1.186402
1.198548
1.197459
1.222222
1.335850
1.302819
1.267370
1.259584
1.246468
1.325700
1.323988
1.243438
1.752201
1.667074
1.669026
1.706298
1.602275
1.565614
1.550207
1.885517
1.953587
1.904272
1.703331
1.721210
1.690536
1.681777
1.718944
1.707103
1.957255
1.894938
1.807608
2.019216
2.022376
1.832331
2.089360
2.197095
1.906562
1.892570
1.628136
1.675211
2.020708
2.036580
1.991131
2.006400
2.107114
2.098322
2.170445
2.089710
1.741990
1.738008
1.762502
1.833352
1.781226
1.748226
1.871735
1.789296
1.810565
1.849178
1.931537
1.845512
2.060957
2.106412
2.074861
1.583330
1.457085
1.476493
1.497959
1.436239
1.414740
1.386944
1.440968
1.412105
1.386687
1.399772
1.401267
1.371527
1.354568
1.402058
1.449127
1.488261
1.406478
1.409328
1.500879
1.508317
1.422568
1.483896
1.455371
1.436779
1.140205
1.206619
1.163376
1.161579
1.155165
1.158275
1.203419
1.131662
1.178185
1.153083
1.159374
1.209286
1.185598
1.172830
1.279645
1.218052
1.294895
1.259932
1.194712
1.173555
1.177465
1.101867
2.102412
1.984148
1.969271
1.982007
1.995384
1.992269
2.062816
1.937735
1.966062
1.960451
1.957088
2.311286
2.260034
2.238769
2.179467
2.322838
2.246873
2.191629
2.181601
2.300267
2.311404
2.243268
1.911359
1.861888
1.866779
1.953989
1.913193
1.948254
2.097820
2.064240
2.170351
2.127002
2.504817
2.431510
2.347372
2.437036
1.978004
1.921324
2.006330
2.094555
2.106912
2.264814
2.388317
2.404396
2.460437
2.117805
2.225126
2.082344
2.092365
2.109905
2.153794
2.148262
2.166603
2.168887
2.161311
2.100995
1.884990
1.976453
1.922630
2.150445
2.104899
2.097866
2.044932
1.922915
2.022068
1.907194
2.064102
2.047355
2.095867
2.030762
1.913026
2.002144
1.883640
2.017547
2.233398
1.867890
1.889574
1.952369
1.985696
1.985209
1.838514
1.910069
2.035863
2.020591
1.951856
2.018920
1.936369
1.968233
1.991594
1.951113
1.979843
1.952622
2.007226
1.914930
1.995907
2.000239
1.451926
1.499834
1.440639
1.485096
1.436356
1.431967
1.495943
1.444757
1.472111
1.473215
1.460451
1.415478
1.480489
1.489841
1.468512
1.469716
1.505999
1.540894
1.507105
1.350473
1.440902
1.421538
1.349165
1.352267
1.346252
1.387117
1.482994
1.468624
1.477050
1.585355
1.281208
1.269821
1.187648
1.212206
1.250707
1.180935
1.262831
1.335815
1.307693
1.362497
1.205661
1.231288
1.824630
1.981309
1.949871
1.987080
2.037235
1.843996
1.829064
1.936665
1.968944
2.067102
2.050614
1.987425
1.996270
1.903387
1.930467
2.031310
1.856530
1.858713
1.686441
1.659821
1.584395
1.679135
1.551241
1.689409
1.695608
1.738867
1.662912
1.613940
1.697432
1.704561
1.695090
1.610537
1.056786
1.112252
1.103460
1.151531
1.149107
1.121745
1.056579
1.156239
1.126988
1.135964
1.140295
1.077456
1.062304
1.042529
1.504642
1.520606
1.505441
1.391129
1.282968
1.364450
1.443440
1.533383
1.530035
1.424846
1.313841
1.323904
1.336252
1.424369
1.537303
1.517871
1.419841
1.360458
1.336270
1.419751
1.555394
1.480913
1.359266
1.310484
1.331686
1.336597
1.275161
1.468229
1.524147
1.120227
1.239944
1.173951
1.178311
1.203371
1.199459
1.082376
1.110154
1.459036
1.581299
1.494305
1.417253
1.411958
1.427058
1.373526
1.446965
1.248998
1.290855
1.506533
1.564960
1.419508
1.239775
1.204102
1.215549
1.128581
1.161195
1.155366
1.129754
1.381273
1.282169
1.328606
1.352382
1.507796
1.419117
1.369191
1.328992
1.346082
1.348835
1.328047
1.342211
1.309470
1.297714
1.375325
1.325207
1.416932
1.605707
1.602083
1.506450
1.565770
1.491763
1.548863
1.448191
1.416017
1.512969
1.435268
1.452370
1.543072
1.447827
1.451804
1.463016
1.509337
1.491967
1.492108
1.562132
1.534893
1.573964
1.514649
1.534504
1.486705
1.474513
1.550329
1.473898
1.399694
1.420899
1.532163
1.549221
1.546993
1.531097
1.390019
1.410492
1.339950
1.450962
1.445604
1.406721
1.367436
1.357013
1.524896
1.505144
1.512628
1.590109
1.328703
1.424436
1.388970
1.351706
1.252920
1.239227
1.341154
1.282591
1.189309
1.182931
1.185033
1.212550
1.080199
1.119576
1.141059
1.289413
1.315965
1.344152
1.372010
1.462101
1.536188
1.561655
1.528059
1.449242
1.466777
1.435780
1.449524
1.457750
1.403161
1.375533
1.408723
1.507655
1.525816
1.423613
1.437026
1.302230
1.397988
1.449022
1.325993
1.453854
1.512152
1.470335
1.428920
1.504463
1.508344
1.440983
1.388355
1.388296
1.354554
1.372816
1.361966
1.328422
1.365049
1.424392
1.419836
1.354438
1.432342
1.350523
1.321195
1.262436
1.240160
0.928611
0.919536
0.931167
0.998322
